{
    "poses": [
        {
            "frame": "15",
            "pose": {
                "rotation": [
                    [
                        "0.99857248468323279",
                        "-0.031800262589597242",
                        "-0.04291545330981434"
                    ],
                    [
                        "0.031844300948129241",
                        "0.99949278287120058",
                        "0.00034276159117996362"
                    ],
                    [
                        "0.04288278594820024",
                        "-0.001708884904281674",
                        "0.99907864874678609"
                    ]
                ],
                "translation": [
                    [
                        "32.061683626280427",
                        "24.845847365769764",
                        "-239.94483248657971"
                    ]
                ]
            }
        },
        {
            "frame": "14",
            "pose": {
                "rotation": [
                    [
                        "0.99990542671538285",
                        "-0.0063658872200818648",
                        "0.012190697479191208"
                    ],
                    [
                        "0.0064296295675361406",
                        "0.99996582632150577",
                        "-0.0051967348183792226"
                    ],
                    [
                        "-0.012157199050448497",
                        "0.0052746250150592592",
                        "0.99991218656549974"
                    ]
                ],
                "translation": [
                    [
                        "62.082241012951911",
                        "22.805683563302953",
                        "-339.93848776030222"
                    ]
                ]
            }
        },
        {
            "frame": "13",
            "pose": {
                "rotation": [
                    [
                        "0.9963341594909817",
                        "-0.0097360570355580663",
                        "-0.08499089259915342"
                    ],
                    [
                        "0.0082069001664052954",
                        "0.99979843874519647",
                        "-0.018322900216001536"
                    ],
                    [
                        "0.085152154529754082",
                        "0.017558219615532084",
                        "0.99621323997569555"
                    ]
                ],
                "translation": [
                    [
                        "12.572463398756554",
                        "18.458897391414308",
                        "-337.28028502820428"
                    ]
                ]
            }
        },
        {
            "frame": "12",
            "pose": {
                "rotation": [
                    [
                        "0.80839287265134407",
                        "-0.082729246024739286",
                        "-0.58280085389323599"
                    ],
                    [
                        "0.35037043654321048",
                        "0.86321404372250465",
                        "0.36345848719869317"
                    ],
                    [
                        "0.4730132351668685",
                        "-0.49801344015239241",
                        "0.7268019625623966"
                    ]
                ],
                "translation": [
                    [
                        "-92.629926067318451",
                        "154.78027361091824",
                        "-181.80105575994543"
                    ]
                ]
            }
        },
        {
            "frame": "11",
            "pose": {
                "rotation": [
                    [
                        "0.88280570626265631",
                        "0.010082925082980738",
                        "-0.4696300880606592"
                    ],
                    [
                        